yes
1 15 8 20 21 30 31 40 41
2 13 9 19 22 29 32 39 42
3 11 10 18 23 28 33 38 43
4 14 6 17 24 27 34 37 44
5 12 7 16 25 26 35 36 45

yes
1 50 51 100
2 49 52 99
3 48 53 98
4 47 54 97
5 46 55 96
6 45 56 95
7 44 57 94
8 43 58 93
9 42 59 92
10 41 60 91
11 40 61 90
12 39 62 89
13 38 63 88
14 37 64 87
15 36 65 86
16 35 66 85
17 34 67 84
18 33 68 83
19 32 69 82
20 31 70 81
21 30 71 80
22 29 72 79
23 28 73 78
24 27 74 77
25 26 75 76

yes
1 9 5 12 13 18 19 24 25 30 31 36 37 42 43 48 49 54 55 60 61 66 67 72 73 78 79 84 85 90 91 96 97
2 7 6 11 14 17 20 23 26 29 32 35 38 41 44 47 50 53 56 59 62 65 68 71 74 77 80 83 86 89 92 95 98
3 8 4 10 15 16 21 22 27 28 33 34 39 40 45 46 51 52 57 58 63 64 69 70 75 76 81 82 87 88 93 94 99

no

yes
1 4
2 3

yes
1 10 11 20
2 9 12 19
3 8 13 18
4 7 14 17
5 6 15 16

yes
1 15 8
2 13 9
3 11 10
4 14 6
5 12 7

yes
1 9 5
2 7 6
3 8 4

yes
1 6 7 12
2 5 8 11
3 4 9 10

no

yes
1 8
2 7
3 6
4 5

no

yes
1 2

yes
1 2 3

yes
1

yes
1

no

no

no

no

no

no

